00
50
00
93
00
A0
01
13
FF
F0
01
93
00
00
02
13
7F
F0
02
93
80
00
03
13
00
A0
83
93
00
11
84
13
00
12
84
93
FF
F3
05
13
06
40
05
93
F9
C0
06
13
F9
C5
86
93
00
10
07
13
0F
F0
07
93
00
10
34
23
00
20
38
23
00
30
3C
23
02
40
30
23
02
50
34
23
02
60
38
23
02
70
3C
23
04
80
30
23
04
90
34
23
04
A0
38
23
04
B0
3C
23
06
C0
30
23
06
D0
34
23
06
E0
38
23
06
F0
3C
23
00
20
88
33
00
E1
88
B3
00
62
89
33
00
C5
89
B3
00
F7
8A
33
00
00
8A
B3
00
00
0B
33
00
23
8B
B3
00
E4
8C
33
01
18
0C
B3
40
20
8D
33
40
11
0D
B3
40
10
8E
33
40
10
0E
B3
40
62
8F
33
09
A0
30
23
09
B0
34
23
09
C0
38
23
09
D0
3C
23
0B
E0
30
23
40
B5
8D
33
40
E7
8D
B3
40
F7
0E
33
40
31
8E
B3
40
13
8F
33
00
20
FD
33
00
F1
FD
B3
00
62
FE
33
00
30
7E
B3
00
31
FF
33
00
B7
FF
B3
0B
F0
34
23
00
30
FF
B3
0B
F0
38
23
00
27
7F
B3
0B
F0
3C
23
00
F5
FF
B3
0D
F0
30
23
00
F2
FF
B3
0D
F0
34
23
00
20
ED
33
00
10
6D
B3
00
01
EE
33
00
62
EE
B3
00
30
EF
33
00
F7
6F
B3
0D
F0
38
23
00
C5
EF
B3
0D
F0
3C
23
00
00
6F
B3
0F
F0
30
23
00
52
EF
B3
0F
F0
34
23
00
E1
EF
B3
0F
F0
38
23
00
00
0D
13
00
00
0D
93
00
00
0E
13
04
D0
0F
93
0F
F0
3C
23
00
00
00
33
00
00
00
33
00
00
00
33
0F
80
3D
03
FD
F0
0F
93
11
F0
30
23
00
00
00
33
00
00
00
33
00
00
00
33
10
00
3D
83
00
80
0E
13
00
00
00
33
00
00
00
33
00
0E
3F
83
06
30
0F
93
11
F0
34
23
00
00
00
33
00
00
00
33
00
00
00
33
10
80
3E
83
06
40
0F
13
03
70
0F
93
01
FF
34
23
00
00
00
33
00
00
00
33
00
00
00
33
00
8F
3F
83
07
B0
0F
93
11
F0
38
23
00
00
00
33
00
00
00
33
00
00
00
33
11
00
3D
03
FB
30
0F
93
11
F0
3C
23
00
00
00
33
00
00
00
33
00
00
00
33
11
80
3D
83
00
10
0F
93
13
F0
30
23
00
00
00
33
00
00
00
33
00
00
00
33
12
00
3E
03
12
00
34
23
00
00
00
33
00
00
00
33
00
00
00
33
12
80
3F
83
7F
F0
0F
93
13
F0
38
23
00
00
00
33
00
00
00
33
00
00
00
33
13
00
3F
83
01
40
08
13
00
E8
08
B3
00
18
89
33
41
09
09
B3
01
E0
0A
13
00
00
00
33
00
EA
0A
B3
00
70
0B
13
00
80
0B
93
01
7B
0C
33
03
20
0C
93
41
6C
8D
33
0F
F0
0D
93
00
F0
0E
13
01
CD
FE
B3
01
CD
EF
33
00
10
08
13
01
08
08
B3
01
18
89
33
01
29
09
B3
06
F0
0A
13
13
40
3C
23
00
30
0A
93
00
40
0B
13
01
6A
8B
B3
41
5B
0C
33
01
6A
FC
B3
02
A0
0F
93
15
F0
30
23
00
00
00
33
00
00
00
33
00
00
00
33
14
00
38
03
00
E8
08
B3
05
80
0F
93
15
F0
34
23
00
00
00
33
00
00
00
33
00
00
00
33
14
80
39
03
40
E9
09
B3
14
00
3A
03
00
3A
7A
B3
14
80
3B
03
00
EB
6B
B3
14
00
3C
03
01
8C
0C
B3
14
00
3D
03
15
A0
38
23
00
00
00
33
00
00
00
33
00
00
00
33
15
00
3D
83
14
00
3E
03
14
80
3E
83
01
DE
0F
33
14
00
38
03
00
00
00
33
00
E8
08
B3
00
80
39
03
00
59
09
93
03
20
0F
93
15
F0
3C
23
00
00
00
33
00
00
00
33
00
00
00
33
15
80
3A
03
00
0A
0A
B3
00
EA
8B
33
00
A0
08
13
01
40
08
93
01
18
06
63
00
10
09
13
00
50
09
93
00
50
0A
13
01
49
86
63
06
30
0A
93
06
30
0A
93
02
A0
0A
93
00
00
06
63
04
D0
0B
13
04
D0
0B
13
02
10
0B
13
00
A0
0B
93
01
40
0C
13
01
8B
84
63
02
C0
0C
93
00
70
0D
13
00
70
0D
93
01
BD
06
63
05
80
0E
13
05
80
0E
13
00
B0
0E
13
00
30
08
13
00
40
08
93
01
18
09
33
17
20
30
23
00
00
00
33
00
00
00
33
00
00
00
33
16
00
39
83
01
09
8A
33
06
40
0A
93
41
1A
8B
33
01
0B
7B
B3
FF
F0
0C
13
01
0C
6C
B3
03
20
0D
13
03
20
0D
93
41
BD
0E
33
00
0E
06
63
04
D0
0E
93
04
D0
0E
93
01
60
0E
93
00
10
0F
13
01
EF
0F
B3
01
FF
8F
B3
01
FF
8F
B3
02
A0
00
13
00
20
80
33
7F
F0
08
13
80
00
08
93
7F
F0
09
13
7F
F0
09
93
01
39
0A
33
07
B0
0A
93
41
5A
8B
33
FF
F0
0B
93
02
A0
0C
13
01
8B
FC
B3
00
0C
6D
33
00
10
08
13
00
18
08
13
00
18
08
13
00
18
08
13
00
18
08
13
3E
70
08
93
01
10
30
23
00
00
00
33
00
00
00
33
00
00
00
33
00
00
39
03
00
00
00
33
00
00
00
33
00
00
00
33
00
00
00
33
00
00
00
33
00
00
00
00
